0.0,[-0.5 -0.5 -0.5]
0.01[-0.497 -0.497 -0.497]
0.02[-0.494 -0.494 -0.494]
0.03[-0.491 -0.491 -0.491]
0.04[-0.488 -0.488 -0.488]
0.05[-0.485 -0.485 -0.485]
0.060000000000000005[-0.482 -0.482 -0.482]
0.07[-0.479 -0.479 -0.479]
0.08[-0.476 -0.476 -0.476]
0.09[-0.473 -0.473 -0.473]
0.09999999999999999[-0.47 -0.47 -0.47]
0.10999999999999999[-0.467 -0.467 -0.467]
0.11999999999999998[-0.464 -0.464 -0.464]
0.12999999999999998[-0.461 -0.461 -0.461]
0.13999999999999999[-0.458 -0.458 -0.458]
0.15[-0.455 -0.455 -0.455]
0.16[-0.452 -0.452 -0.452]
0.17[-0.449 -0.449 -0.449]
0.18000000000000002[-0.446 -0.446 -0.446]
0.19000000000000003[-0.443 -0.443 -0.443]
0.20000000000000004[-0.44 -0.44 -0.44]
0.21000000000000005[-0.437 -0.437 -0.437]
0.22000000000000006[-0.434 -0.434 -0.434]
0.23000000000000007[-0.431 -0.431 -0.431]
0.24000000000000007[-0.428 -0.428 -0.428]
0.25000000000000006[-0.425 -0.425 -0.425]
0.26000000000000006[-0.422 -0.422 -0.422]
0.2700000000000001[-0.419 -0.419 -0.419]
0.2800000000000001[-0.416 -0.416 -0.416]
0.2900000000000001[-0.413 -0.413 -0.413]
0.3000000000000001[-0.41 -0.41 -0.41]
0.3100000000000001[-0.407 -0.407 -0.407]
0.3200000000000001[-0.404 -0.404 -0.404]
0.3300000000000001[-0.401 -0.401 -0.401]
0.34000000000000014[-0.398 -0.398 -0.398]
0.35000000000000014[-0.395 -0.395 -0.395]
0.36000000000000015[-0.392 -0.392 -0.392]
0.37000000000000016[-0.389 -0.389 -0.389]
0.38000000000000017[-0.386 -0.386 -0.386]
0.3900000000000002[-0.383 -0.383 -0.383]
0.4000000000000002[-0.38 -0.38 -0.38]
0.4100000000000002[-0.377 -0.377 -0.377]
0.4200000000000002[-0.374 -0.374 -0.374]
0.4300000000000002[-0.371 -0.371 -0.371]
0.4400000000000002[-0.368 -0.368 -0.368]
0.45000000000000023[-0.365 -0.365 -0.365]
0.46000000000000024[-0.362 -0.362 -0.362]
0.47000000000000025[-0.359 -0.359 -0.359]
0.48000000000000026[-0.356 -0.356 -0.356]
0.49000000000000027[-0.353 -0.353 -0.353]
0.5000000000000002[-0.35 -0.35 -0.35]
0.5100000000000002[-0.347 -0.347 -0.347]
0.5200000000000002[-0.344 -0.344 -0.344]
0.5300000000000002[-0.341 -0.341 -0.341]
0.5400000000000003[-0.338 -0.338 -0.338]
0.5500000000000003[-0.335 -0.335 -0.335]
0.5600000000000003[-0.332 -0.332 -0.332]
0.5700000000000003[-0.329 -0.329 -0.329]
0.5800000000000003[-0.326 -0.326 -0.326]
0.5900000000000003[-0.323 -0.323 -0.323]
0.6000000000000003[-0.32 -0.32 -0.32]
0.6100000000000003[-0.317 -0.317 -0.317]
0.6200000000000003[-0.314 -0.314 -0.314]
0.6300000000000003[-0.311 -0.311 -0.311]
0.6400000000000003[-0.308 -0.308 -0.308]
0.6500000000000004[-0.305 -0.305 -0.305]
0.6600000000000004[-0.302 -0.302 -0.302]
0.6700000000000004[-0.299 -0.299 -0.299]
0.6800000000000004[-0.296 -0.296 -0.296]
0.6900000000000004[-0.293 -0.293 -0.293]
0.7000000000000004[-0.29 -0.29 -0.29]
0.7100000000000004[-0.287 -0.287 -0.287]
0.7200000000000004[-0.284 -0.284 -0.284]
0.7300000000000004[-0.281 -0.281 -0.281]
0.7400000000000004[-0.278 -0.278 -0.278]
0.7500000000000004[-0.275 -0.275 -0.275]
0.7600000000000005[-0.272 -0.272 -0.272]
0.7700000000000005[-0.269 -0.269 -0.269]
0.7800000000000005[-0.266 -0.266 -0.266]
0.7900000000000005[-0.263 -0.263 -0.263]
0.8000000000000005[-0.26 -0.26 -0.26]
0.8100000000000005[-0.257 -0.257 -0.257]
0.8200000000000005[-0.254 -0.254 -0.254]
0.8300000000000005[-0.251 -0.251 -0.251]
0.8400000000000005[-0.248 -0.248 -0.248]
0.8500000000000005[-0.245 -0.245 -0.245]
0.8600000000000005[-0.242 -0.242 -0.242]
0.8700000000000006[-0.239 -0.239 -0.239]
0.8800000000000006[-0.236 -0.236 -0.236]
0.8900000000000006[-0.233 -0.233 -0.233]
0.9000000000000006[-0.23 -0.23 -0.23]
0.9100000000000006[-0.227 -0.227 -0.227]
0.9200000000000006[-0.224 -0.224 -0.224]
0.9300000000000006[-0.221 -0.221 -0.221]
0.9400000000000006[-0.218 -0.218 -0.218]
0.9500000000000006[-0.215 -0.215 -0.215]
0.9600000000000006[-0.212 -0.212 -0.212]
0.9700000000000006[-0.209 -0.209 -0.209]
0.9800000000000006[-0.206 -0.206 -0.206]
0.9900000000000007[-0.203 -0.203 -0.203]
1.0000000000000007[-0.2 -0.2 -0.2]
